6
9 99
8 18 96
3 23 91 39
6 62 73 20 59
1 79 93 85 50 05
4 28 49 51 45 86 35
3 66 94 17 96 13 20 72
3 83 45 11 34 94 44 39 92
1 54 54 44 96 93 83 36 04 45
4 23 79 28 71 42 20 37 82 31 23
6 42 49 01 44 63 28 60 07 78 95 40
2 68 74 85 80 57 07 11 62 66 47 22 67
2 57 79 42 12 01 31 68 17 59 63 76 07 77
0 85 26 08 44 02 71 07 63 22 05 52 19 08 20
7 59 79 47 30 20 54 80 89 91 14 05 33 36 79 39
6 55 48 71 69 66 19 72 44 25 14 01 48 74 12 98 07
8 62 81 74 42 20 83 70 73 95 78 45 92 27 34 53 71 15
3 90 08 78 47 63 45 31 22 70 52 48 79 94 15 77 61 67 68
6 97 20 50 90 16 70 10 95 69 29 06 25 61 41 26 15 59 63 35