72
85 27
61 88 27
38 12 03 32
95 08 52 23 70
40 14 15 10 25 01
70 93 73 08 32 46 34
22 52 47 96 64 58 52 39
58 98 17 36 73 22 63 74 51
86 90 72 63 32 69 14 28 88 69
07 98 86 01 17 10 46 64 24 18 56
32 95 30 94 65 50 24 63 28 81 99 57
23 11 13 54 59 54 56 34 16 24 53 44 06
06 92 32 78 37 82 30 05 18 87 99 72 19 99
21 46 33 02 52 99 51 33 26 04 87 02 08 18 96
40 23 29 39 46 55 10 90 35 84 56 70 63 23 91 39
09 42 24 23 12 37 52 28 50 78 79 20 86 62 73 20 59
49 46 48 83 01 45 19 96 13 81 14 21 31 79 93 85 50 05
94 07 69 54 69 32 65 68 46 68 78 90 24 28 49 51 45 86 35
97 35 76 37 65 46 23 82 06 22 30 76 93 66 94 17 96 13 20 72
71 25 30 56 15 22 73 43 32 69 59 25 93 83 45 11 34 94 44 39 92
72 91 04 27 73 07 34 37 71 60 59 31 01 54 54 44 96 93 83 36 04 45
74 66 58 94 87 73 16 14 85 38 74 99 64 23 79 28 71 42 20 37 82 31 23
11 32 10 50 29 30 83 46 11 05 31 17 86 42 49 01 44 63 28 60 07 78 95 40
89 91 27 88 17 35 41 35 32 51 32 67 52 68 74 85 80 57 07 11 62 66 47 22 67
58 91 72 05 29 56 73 48 86 52 09 93 22 57 79 42 12 01 31 68 17 59 63 76 07 77
56 70 52 05 48 41 31 18 83 27 21 39 80 85 26 08 44 02 71 07 63 22 05 52 19 08 20
98 40 11 57 10 67 70 81 60 79 74 72 97 59 79 47 30 20 54 80 89 91 14 05 33 36 79 39
32 67 44 08 07 41 62 64 29 20 14 76 26 55 48 71 69 66 19 72 44 25 14 01 48 74 12 98 07
98 93 37 89 77 91 64 71 64 65 66 21 78 62 81 74 42 20 83 70 73 95 78 45 92 27 34 53 71 15
79 57 86 28 66 34 72 51 76 78 36 95 63 90 08 78 47 63 45 31 22 70 52 48 79 94 15 77 61 67 68
43 53 64 03 94 42 95 39 18 01 66 21 16 97 20 50 90 16 70 10 95 69 29 06 25 61 41 26 15 59 63 35